\(BEGIN)
name = Turn$SYS$
<Skeleton> = 1100112
-1070112
-1040112
-1010112
-1010112
-2010112
-2010112
-2010712
-2010712
-2010712
-2010712
-2010712
-2010712
-2010712
-2010712
-2010712
-2010712
-2010712
-2010712
-2010712
-2010712
-2010712
-2010712
-2010712
-2010712
-2010712
-2010712
-2010712
-2010712
-2010712
-2010712
-2010712
-2010712
-2010712
-2010712
-2010712
-2010712
-2010712
-2010712
-2010712
<Zombie> = 1130112
-1100112
-1070112
-1010112
-1010112
-2010112
-2010112
-2010112
-2010712
-2010712
-2010712
-2010712
-2010712
-2010712
-2010712
-2010712
-2010712
-2010712
-2010712
-2010712
-2010712
-2010712
-2010712
-2010712
-2010712
-2010712
-2010712
-2010712
-2010712
-2010712
-2010712
-2010712
-2010712
-2010712
-2010712
-2010712
-2010712
-2010712
-2010712
-2010712
<Ghoul> = 1160112
-1130112
-1100112
-1040112
-1010112
-1010112
-2010112
-2010112
-2010112
-2010112
-2010112
-2010112
-2010112
-2010712
-2010712
-2010712
-2010712
-2010712
-2010712
-2010712
-2010712
-2010712
-2010712
-2010712
-2010712
-2010712
-2010712
-2010712
-2010712
-2010712
-2010712
-2010712
-2010712
-2010712
-2010712
-2010712
-2010712
-2010712
-2010712
-2010712
<Shadow> = 1190112
-1160112
-1160112
-1070112
-1040112
-1010112
-1010112
-2010112
-2010112
-2010112
-2010112
-2010112
-2010112
-2010712
-2010712
-2010712
-2010712
-2010712
-2010712
-2010712
-2010712
-2010712
-2010712
-2010712
-2010712
-2010712
-2010712
-2010712
-2010712
-2010712
-2010712
-2010712
-2010712
-2010712
-2010712
-2010712
-2010712
-2010712
-2010712
-2010712
<Wight> = 1200112
-1190112
-1160112
-1100112
-1070112
-1040112
-1010112
-1010112
-2010112
-2010112
-2010112
-2010112
-2010112
-2010112
-2010112
-2010112
-2010112
-2010112
-2010112
-2010112
-2010112
-2010112
-2010112
-2010112
-2010112
-2010112
-2010112
-2010112
-2010112
-2010112
-2010112
-2010112
-2010112
-2010112
-2010112
-2010112
-2010112
-2010112
-2010112
-2010112
<Ghast> = 1210112
-1200112
-1190112
-1130112
-1100112
-1070112
-1040112
-1010112
-1010112
-1010112
-1010112
-1010112
-1010112
-2010112
-2010112
-2010112
-2010112
-2010112
-2010112
-2010112
-2010112
-2010112
-2010112
-2010112
-2010112
-2010112
-2010112
-2010112
-2010112
-2010112
-2010112
-2010112
-2010112
-2010112
-2010112
-2010112
-2010112
-2010112
-2010112
-2010112
<Wraith> = 1210112
-1210112
-1200112
-1160112
-1130112
-1100112
-1070112
-1040112
-1010112
-1010112
-1010112
-1010112
-1010112
-2010112
-2010112
-2010112
-2010112
-2010112
-2010112
-2010112
-2010112
-2010112
-2010112
-2010112
-2010112
-2010112
-2010112
-2010112
-2010112
-2010112
-2010112
-2010112
-2010112
-2010112
-2010112
-2010112
-2010112
-2010112
-2010112
-2010112
<Mummy> = 1210112
-1210112
-1210112
-1200112
-1160112
-1130112
-1100112
-1070112
-1040112
-1040112
-1040112
-1040112
-1040112
-1010112
-1010112
-1010112
-1010112
-1010112
-1010112
-1010112
-1010112
-1010112
-1010112
-1010112
-1010112
-1010112
-1010112
-1010112
-1010112
-1010112
-1010112
-1010112
-1010112
-1010112
-1010112
-1010112
-1010112
-1010112
-1010112
-1010112
<Spectre> = 1210112
-1210112
-1210112
-1210112
-1200112
-1160112
-1130112
-1100112
-1070112
-1070112
-1070112
-1070112
-1070112
-1010112
-1010112
-1010112
-1010112
-1010112
-1010112
-1010112
-1010112
-1010112
-1010112
-1010112
-1010112
-1010112
-1010112
-1010112
-1010112
-1010112
-1010112
-1010112
-1010112
-1010112
-1010112
-1010112
-1010112
-1010112
-1010112
-1010112
<Vampire> = 1210112
-1210112
-1210112
-1210112
-1210112
-1200112
-1160112
-1130112
-1100112
-1100112
-1100112
-1100112
-1100112
-1040112
-1040112
-1040112
-1040112
-1040112
-1040112
-1040112
-1040112
-1040112
-1040112
-1040112
-1040112
-1040112
-1040112
-1040112
-1040112
-1040112
-1040112
-1040112
-1040112
-1040112
-1040112
-1040112
-1040112
-1040112
-1040112
-1040112
<Ghost> = 1210112
-1210112
-1210112
-1210112
-1210112
-1210112
-1200112
-1160112
-1130112
-1130112
-1130112
-1130112
-1130112
-1100112
-1100112
-1100112
-1100112
-1100112
-1100112
-1100112
-1100112
-1100112
-1100112
-1100112
-1100112
-1100112
-1100112
-1100112
-1100112
-1100112
-1100112
-1100112
-1100112
-1100112
-1100112
-1100112
-1100112
-1100112
-1100112
-1100112
<Lich> = 1210112
-1210112
-1210112
-1210112
-1210112
-1210112
-1210112
-1190112
-1160112
-1160112
-1160112
-1160112
-1160112
-1100112
-1100112
-1100112
-1100112
-1100112
-1100112
-1100112
-1100112
-1100112
-1100112
-1100112
-1100112
-1100112
-1100112
-1100112
-1100112
-1100112
-1100112
-1100112
-1100112
-1100112
-1100112
-1100112
-1100112
-1100112
-1100112
-1100112
<Special> = 1210112
-1210112
-1210112
-1210112
-1210112
-1210112
-1210112
-1200112
-1190112
-1190112
-1190112
-1190112
-1190112
-1130112
-1130112
-1130112
-1130112
-1130112
-1130112
-1130112
-1130112
-1130112
-1130112
-1130112
-1130112
-1130112
-1130112
-1130112
-1130112
-1130112
-1130112
-1130112
-1130112
-1130112
-1130112
-1130112
-1130112
-1130112
-1130112
-1130112
\(END)

